# Game Level Exporter v1.0
CAMERA
Camera
<Matrix 4x4 (-0.2915,  0.0000,  0.9566, 0.0000)
            ( 0.8297,  0.4977,  0.2529, 0.0000)
            (-0.4761,  0.8673, -0.1451, 0.0000)
            ( 0.7500, -1.5000,  0.2500, 1.0000)>
MESH
boxWooden
<Matrix 4x4 (1.0000,  0.0000, 0.0000, 0.0000)
            (0.0000,  0.0000, 1.0000, 0.0000)
            (0.0000, -1.0000, 0.0000, 0.0000)
            (0.0000,  0.0000, 0.0000, 1.0000)>
MESH
dice
<Matrix 4x4 (1.0000,  0.0000, 0.0000, 0.0000)
            (0.0000,  0.0000, 1.0000, 0.0000)
            (0.0000, -1.0000, 0.0000, 0.0000)
            (0.0000,  0.0000, 0.0000, 1.0000)>
MESH
pillar01
<Matrix 4x4 (1.0000,  0.0000, 0.0000, 0.0000)
            (0.0000,  0.0000, 1.0000, 0.0000)
            (0.0000, -1.0000, 0.0000, 0.0000)
            (0.0000,  0.0000, 0.0000, 1.0000)>
  MESH
  cupMetal
  <Matrix 4x4 (1.0000,  0.0000, 0.0000, 0.0000)
            (0.0000,  0.0000, 1.0000, 0.0000)
            (0.0000, -1.0000, 0.0000, 0.0000)
            (0.0000,  0.0000, 0.0000, 1.0000)>
MESH
wallStone01
<Matrix 4x4 (1.0000,  0.0000, 0.0000, 0.0000)
            (0.0000,  0.0000, 1.0000, 0.0000)
            (0.0000, -1.0000, 0.0000, 0.0000)
            (0.0000,  0.0000, 0.0000, 1.0000)>
MESH
cage
<Matrix 4x4 (1.0000,  0.0000, 0.0000, 0.0000)
            (0.0000,  0.0000, 1.0000, 0.0000)
            (0.0000, -1.0000, 0.0000, 0.0000)
            (0.0000,  0.0000, 0.0000, 1.0000)>
MESH
boxWooden.001
<Matrix 4x4 (1.0000,  0.0000, 0.0000, 0.0000)
            (0.0000,  0.0000, 1.0000, 0.0000)
            (0.0000, -1.0000, 0.0000, 0.0000)
            (0.0000,  0.0000, 0.0000, 1.0000)>
MESH
boxWooden.002
<Matrix 4x4 (1.0000,  0.0000, 0.0000, 0.0000)
            (0.0000,  0.0000, 1.0000, 0.0000)
            (0.0000, -1.0000, 0.0000, 0.0000)
            (0.0000,  0.0000, 0.0000, 1.0000)>
MESH
ground01.001
<Matrix 4x4 (1.0000,  0.0000, 0.0000, 0.0000)
            (0.0000,  0.0000, 1.0000, 0.0000)
            (0.0000, -1.0000, 0.0000, 0.0000)
            (0.0000,  0.0000, 0.0000, 1.0000)>
MESH
ground01.002
<Matrix 4x4 (1.0000,  0.0000, 0.0000, 0.0000)
            (0.0000,  0.0000, 1.0000, 0.0000)
            (0.0000, -1.0000, 0.0000, 0.0000)
            (0.0000,  0.0000, 0.0000, 1.0000)>
MESH
ground01.003
<Matrix 4x4 (1.0000,  0.0000, 0.0000, 0.0000)
            (0.0000,  0.0000, 1.0000, 0.0000)
            (0.0000, -1.0000, 0.0000, 0.0000)
            (0.0000,  0.0000, 0.0000, 1.0000)>
MESH
ground01.004
<Matrix 4x4 (1.0000,  0.0000, 0.0000, 0.0000)
            (0.0000,  0.0000, 1.0000, 0.0000)
            (0.0000, -1.0000, 0.0000, 0.0000)
            (0.0000,  0.0000, 0.0000, 1.0000)>
MESH
ground01.005
<Matrix 4x4 (1.0000,  0.0000, 0.0000, 0.0000)
            (0.0000,  0.0000, 1.0000, 0.0000)
            (0.0000, -1.0000, 0.0000, 0.0000)
            (0.0000,  0.0000, 0.0000, 1.0000)>
MESH
ground01.006
<Matrix 4x4 (1.0000,  0.0000, 0.0000, 0.0000)
            (0.0000,  0.0000, 1.0000, 0.0000)
            (0.0000, -1.0000, 0.0000, 0.0000)
            (0.0000,  0.0000, 0.0000, 1.0000)>
MESH
ground01.007
<Matrix 4x4 (1.0000,  0.0000, 0.0000, 0.0000)
            (0.0000,  0.0000, 1.0000, 0.0000)
            (0.0000, -1.0000, 0.0000, 0.0000)
            (0.0000,  0.0000, 0.0000, 1.0000)>
MESH
ground01.008
<Matrix 4x4 (1.0000,  0.0000, 0.0000, 0.0000)
            (0.0000,  0.0000, 1.0000, 0.0000)
            (0.0000, -1.0000, 0.0000, 0.0000)
            (0.0000,  0.0000, 0.0000, 1.0000)>
MESH
ground01.009
<Matrix 4x4 (1.0000,  0.0000, 0.0000, 0.0000)
            (0.0000,  0.0000, 1.0000, 0.0000)
            (0.0000, -1.0000, 0.0000, 0.0000)
            (0.0000,  0.0000, 0.0000, 1.0000)>
MESH
ground01.010
<Matrix 4x4 (1.0000,  0.0000, 0.0000, 0.0000)
            (0.0000,  0.0000, 1.0000, 0.0000)
            (0.0000, -1.0000, 0.0000, 0.0000)
            (0.0000,  0.0000, 0.0000, 1.0000)>
MESH
ground01.011
<Matrix 4x4 (1.0000,  0.0000, 0.0000, 0.0000)
            (0.0000,  0.0000, 1.0000, 0.0000)
            (0.0000, -1.0000, 0.0000, 0.0000)
            (0.0000,  0.0000, 0.0000, 1.0000)>
MESH
ground01.012
<Matrix 4x4 (1.0000,  0.0000, 0.0000, 0.0000)
            (0.0000,  0.0000, 1.0000, 0.0000)
            (0.0000, -1.0000, 0.0000, 0.0000)
            (0.0000,  0.0000, 0.0000, 1.0000)>
MESH
ground01.013
<Matrix 4x4 (1.0000,  0.0000, 0.0000, 0.0000)
            (0.0000,  0.0000, 1.0000, 0.0000)
            (0.0000, -1.0000, 0.0000, 0.0000)
            (0.0000,  0.0000, 0.0000, 1.0000)>
MESH
ground01.014
<Matrix 4x4 (1.0000,  0.0000, 0.0000, 0.0000)
            (0.0000,  0.0000, 1.0000, 0.0000)
            (0.0000, -1.0000, 0.0000, 0.0000)
            (0.0000,  0.0000, 0.0000, 1.0000)>
MESH
ground01.015
<Matrix 4x4 (1.0000,  0.0000, 0.0000, 0.0000)
            (0.0000,  0.0000, 1.0000, 0.0000)
            (0.0000, -1.0000, 0.0000, 0.0000)
            (0.0000,  0.0000, 0.0000, 1.0000)>
MESH
ground01.016
<Matrix 4x4 (1.0000,  0.0000, 0.0000, 0.0000)
            (0.0000,  0.0000, 1.0000, 0.0000)
            (0.0000, -1.0000, 0.0000, 0.0000)
            (0.0000,  0.0000, 0.0000, 1.0000)>
MESH
ground01.017
<Matrix 4x4 (1.0000,  0.0000, 0.0000, 0.0000)
            (0.0000,  0.0000, 1.0000, 0.0000)
            (0.0000, -1.0000, 0.0000, 0.0000)
            (0.0000,  0.0000, 0.0000, 1.0000)>
MESH
ground01.018
<Matrix 4x4 (1.0000,  0.0000, 0.0000, 0.0000)
            (0.0000,  0.0000, 1.0000, 0.0000)
            (0.0000, -1.0000, 0.0000, 0.0000)
            (0.0000,  0.0000, 0.0000, 1.0000)>
MESH
ground01.019
<Matrix 4x4 (1.0000,  0.0000, 0.0000, 0.0000)
            (0.0000,  0.0000, 1.0000, 0.0000)
            (0.0000, -1.0000, 0.0000, 0.0000)
            (0.0000,  0.0000, 0.0000, 1.0000)>
MESH
ground01.020
<Matrix 4x4 (1.0000,  0.0000, 0.0000, 0.0000)
            (0.0000,  0.0000, 1.0000, 0.0000)
            (0.0000, -1.0000, 0.0000, 0.0000)
            (0.0000,  0.0000, 0.0000, 1.0000)>
LIGHT
Sun
<Matrix 4x4 (-0.0872,  0.0051,  0.2375, 0.0000)
            (-0.1578,  0.1879, -0.0620, 0.0000)
            (-0.1776, -0.1695, -0.0616, 0.0000)
            ( 3.1933,  1.2456,  3.5164, 1.0000)>
