# Game Level Exporter v1.0
CAMERA
Camera
<Matrix 4x4 (-0.2915,  0.0000,  0.9566, 0.0000)
            ( 0.8297,  0.4977,  0.2529, 0.0000)
            (-0.4761,  0.8673, -0.1451, 0.0000)
            ( 0.7500, -1.5000,  0.2500, 1.0000)>
MESH
boxWooden
<Matrix 4x4 (1.0000,  0.0000,  0.0000, 0.0000)
            (0.0000,  0.0000,  1.0000, 0.0000)
            (0.0000, -1.0000,  0.0000, 0.0000)
            (0.9320,  0.2854, -0.3313, 1.0000)>
MESH
dice
<Matrix 4x4 ( 1.0000,  0.0000, 0.0000, 0.0000)
            ( 0.0000,  0.0000, 1.0000, 0.0000)
            ( 0.0000, -1.0000, 0.0000, 0.0000)
            (-0.1375,  0.1748, 0.1349, 1.0000)>
MESH
pillar01
<Matrix 4x4 (1.0000,  0.0000,  0.0000, 0.0000)
            (0.0000,  0.0000,  1.0000, 0.0000)
            (0.0000, -1.0000,  0.0000, 0.0000)
            (0.3547,  0.4831, -0.0479, 1.0000)>
MESH
wallStone01
<Matrix 4x4 (1.0000,  0.0000, 0.0000, 0.0000)
            (0.0000,  0.0000, 1.0000, 0.0000)
            (0.0000, -1.0000, 0.0000, 0.0000)
            (0.2352,  1.5756, 1.7788, 1.0000)>
MESH
cupMetal
<Matrix 4x4 (1.0000,  0.0000,  0.0000, 0.0000)
            (0.0000,  0.0000,  1.0000, 0.0000)
            (0.0000, -1.0000,  0.0000, 0.0000)
            (0.3150,  0.9511, -0.0401, 1.0000)>
MESH
cage
<Matrix 4x4 (1.0000,  0.0000,  0.0000, 0.0000)
            (0.0000,  0.0000,  1.0000, 0.0000)
            (0.0000, -1.0000,  0.0000, 0.0000)
            (0.1314,  0.3857, -1.0166, 1.0000)>
MESH
boxWooden
<Matrix 4x4 (1.0000,  0.0000, 0.0000, 0.0000)
            (0.0000,  0.0000, 1.0000, 0.0000)
            (0.0000, -1.0000, 0.0000, 0.0000)
            (0.9320,  0.2854, 0.0966, 1.0000)>

MESH
ground01
<Matrix 4x4 ( 1.0000,  0.0000, 0.0000, 0.0000)
            ( 0.0000,  0.0000, 1.0000, 0.0000)
            ( 0.0000, -1.0000, 0.0000, 0.0000)
            (-0.1375,  0.0090, 1.0506, 1.0000)>
MESH
ground01
<Matrix 4x4 (1.0000,  0.0000, 0.0000, 0.0000)
            (0.0000,  0.0000, 1.0000, 0.0000)
            (0.0000, -1.0000, 0.0000, 0.0000)
            (0.5998,  0.0090, 1.0506, 1.0000)>
