# Game Level Exporter v1.0
MESH
Cube.001
<Matrix 4x4 (1.0000,  0.0000, 0.0000, 0.0000)
            (0.0000,  0.0000, 1.0000, 0.0000)
            (0.0000, -1.0000, 0.0000, 0.0000)
            (0.0000,  0.0000, 0.0000, 1.0000)>
LIGHT
TriLamp-Back
<Matrix 4x4 ( 2.9094,  0.0000,  0.0000, 0.0000)
            ( 0.0000,  0.0000,  2.9094, 0.0000)
            ( 0.0000, -2.9094,  0.0000, 0.0000)
            (-0.8873, -2.2193, -1.4632, 1.0000)>
LIGHT
TriLamp-Fill
<Matrix 4x4 (1.0000,  0.0000, 0.0000, 0.0000)
            (0.0000,  0.0000, 1.0000, 0.0000)
            (0.0000, -1.0000, 0.0000, 0.0000)
            (1.1948,  2.2953, 2.2857, 1.0000)>
LIGHT
TriLamp-Key
<Matrix 4x4 (1.0000,  0.0000,  0.0000, 0.0000)
            (0.0000,  0.0000,  1.0000, 0.0000)
            (0.0000, -1.0000,  0.0000, 0.0000)
            (0.1761, -1.5931, -2.7387, 1.0000)>
CAMERA
Camera
<Matrix 4x4 (1.0000, 0.0000,  0.0000, 0.0000)
            (0.0000, 1.0000, -0.0000, 0.0000)
            (0.0000, 0.0000,  1.0000, 0.0000)
            (0.0093, 0.0972, -4.6153, 1.0000)>
