# Game Level Exporter v1.0
MESH
Anvil
<Matrix 4x4 (1.0000,  0.0000, 0.0000, 0.0000)
            (0.0000,  0.0000, 1.0000, 0.0000)
            (0.0000, -1.0000, 0.0000, 0.0000)
            (0.0000,  0.0000, 0.0000, 1.0000)>
MESH
AnvilBolts
<Matrix 4x4 (1.0000,  0.0000, 0.0000, 0.0000)
            (0.0000,  0.0000, 1.0000, 0.0000)
            (0.0000, -1.0000, 0.0000, 0.0000)
            (0.0000,  0.0000, 0.0000, 1.0000)>
MESH
AnvilStand
<Matrix 4x4 (1.0000,  0.0000, 0.0000, 0.0000)
            (0.0000,  0.0000, 1.0000, 0.0000)
            (0.0000, -1.0000, 0.0000, 0.0000)
            (0.0000,  0.0000, 0.0000, 1.0000)>
MESH
Barrel1
<Matrix 4x4 (1.0000,  0.0000, 0.0000, 0.0000)
            (0.0000,  0.0000, 1.0000, 0.0000)
            (0.0000, -1.0000, 0.0000, 0.0000)
            (0.0000,  0.0000, 0.0000, 1.0000)>
MESH
Barrel2
<Matrix 4x4 (1.0000,  0.0000, 0.0000, 0.0000)
            (0.0000,  0.0000, 1.0000, 0.0000)
            (0.0000, -1.0000, 0.0000, 0.0000)
            (0.0000,  0.0000, 0.0000, 1.0000)>
MESH
Bellow
<Matrix 4x4 (1.0000,  0.0000, 0.0000, 0.0000)
            (0.0000,  0.0000, 1.0000, 0.0000)
            (0.0000, -1.0000, 0.0000, 0.0000)
            (0.0000,  0.0000, 0.0000, 1.0000)>
MESH
Chimney
<Matrix 4x4 (1.0000,  0.0000, 0.0000, 0.0000)
            (0.0000,  0.0000, 1.0000, 0.0000)
            (0.0000, -1.0000, 0.0000, 0.0000)
            (0.0000,  0.0000, 0.0000, 1.0000)>
MESH
ChimneyPipes
<Matrix 4x4 (1.0000,  0.0000, 0.0000, 0.0000)
            (0.0000,  0.0000, 1.0000, 0.0000)
            (0.0000, -1.0000, 0.0000, 0.0000)
            (0.0000,  0.0000, 0.0000, 1.0000)>
MESH
DoorFront
<Matrix 4x4 (1.0000,  0.0000, 0.0000, 0.0000)
            (0.0000,  0.0000, 1.0000, 0.0000)
            (0.0000, -1.0000, 0.0000, 0.0000)
            (0.0000,  0.0000, 0.0000, 1.0000)>
MESH
DoorFrontFrame
<Matrix 4x4 (1.0000,  0.0000, 0.0000, 0.0000)
            (0.0000,  0.0000, 1.0000, 0.0000)
            (0.0000, -1.0000, 0.0000, 0.0000)
            (0.0000,  0.0000, 0.0000, 1.0000)>
MESH
DoorFrontHandle
<Matrix 4x4 (1.0000,  0.0000, 0.0000, 0.0000)
            (0.0000,  0.0000, 1.0000, 0.0000)
            (0.0000, -1.0000, 0.0000, 0.0000)
            (0.0000,  0.0000, 0.0000, 1.0000)>
MESH
DoorSide
<Matrix 4x4 (1.0000,  0.0000, 0.0000, 0.0000)
            (0.0000,  0.0000, 1.0000, 0.0000)
            (0.0000, -1.0000, 0.0000, 0.0000)
            (0.0000,  0.0000, 0.0000, 1.0000)>
MESH
DoorSideFrame
<Matrix 4x4 (1.0000,  0.0000, 0.0000, 0.0000)
            (0.0000,  0.0000, 1.0000, 0.0000)
            (0.0000, -1.0000, 0.0000, 0.0000)
            (0.0000,  0.0000, 0.0000, 1.0000)>
MESH
DoorSideHandle
<Matrix 4x4 (1.0000,  0.0000, 0.0000, 0.0000)
            (0.0000,  0.0000, 1.0000, 0.0000)
            (0.0000, -1.0000, 0.0000, 0.0000)
            (0.0000,  0.0000, 0.0000, 1.0000)>
MESH
DoorSideSteps
<Matrix 4x4 (1.0000,  0.0000, 0.0000, 0.0000)
            (0.0000,  0.0000, 1.0000, 0.0000)
            (0.0000, -1.0000, 0.0000, 0.0000)
            (0.0000,  0.0000, 0.0000, 1.0000)>
MESH
Forge
<Matrix 4x4 (1.0000,  0.0000, 0.0000, 0.0000)
            (0.0000,  0.0000, 1.0000, 0.0000)
            (0.0000, -1.0000, 0.0000, 0.0000)
            (0.0000,  0.0000, 0.0000, 1.0000)>
MESH
Grindstone
<Matrix 4x4 (1.0000,  0.0000, 0.0000, 0.0000)
            (0.0000,  0.0000, 1.0000, 0.0000)
            (0.0000, -1.0000, 0.0000, 0.0000)
            (0.0000,  0.0000, 0.0000, 1.0000)>
MESH
IronHotEdge1
<Matrix 4x4 (1.0000,  0.0000, 0.0000, 0.0000)
            (0.0000,  0.0000, 1.0000, 0.0000)
            (0.0000, -1.0000, 0.0000, 0.0000)
            (0.0000,  0.0000, 0.0000, 1.0000)>
MESH
IronHotEdge2
<Matrix 4x4 (1.0000,  0.0000, 0.0000, 0.0000)
            (0.0000,  0.0000, 1.0000, 0.0000)
            (0.0000, -1.0000, 0.0000, 0.0000)
            (0.0000,  0.0000, 0.0000, 1.0000)>
MESH
Level1
<Matrix 4x4 (1.0000,  0.0000, 0.0000, 0.0000)
            (0.0000,  0.0000, 1.0000, 0.0000)
            (0.0000, -1.0000, 0.0000, 0.0000)
            (0.0000,  0.0000, 0.0000, 1.0000)>
MESH
Level2
<Matrix 4x4 (1.0000,  0.0000, 0.0000, 0.0000)
            (0.0000,  0.0000, 1.0000, 0.0000)
            (0.0000, -1.0000, 0.0000, 0.0000)
            (0.0000,  0.0000, 0.0000, 1.0000)>
MESH
Level3
<Matrix 4x4 (1.0000,  0.0000, 0.0000, 0.0000)
            (0.0000,  0.0000, 1.0000, 0.0000)
            (0.0000, -1.0000, 0.0000, 0.0000)
            (0.0000,  0.0000, 0.0000, 1.0000)>
MESH
PileofChoppedWood
<Matrix 4x4 (1.0000,  0.0000, 0.0000, 0.0000)
            (0.0000,  0.0000, 1.0000, 0.0000)
            (0.0000, -1.0000, 0.0000, 0.0000)
            (0.0000,  0.0000, 0.0000, 1.0000)>
MESH
PileOfLogs
<Matrix 4x4 (1.0000,  0.0000, 0.0000, 0.0000)
            (0.0000,  0.0000, 1.0000, 0.0000)
            (0.0000, -1.0000, 0.0000, 0.0000)
            (0.0000,  0.0000, 0.0000, 1.0000)>
MESH
Roof
<Matrix 4x4 (1.0000,  0.0000, 0.0000, 0.0000)
            (0.0000,  0.0000, 1.0000, 0.0000)
            (0.0000, -1.0000, 0.0000, 0.0000)
            (0.0000,  0.0000, 0.0000, 1.0000)>
MESH
RoofFrame
<Matrix 4x4 (1.0000,  0.0000, 0.0000, 0.0000)
            (0.0000,  0.0000, 1.0000, 0.0000)
            (0.0000, -1.0000, 0.0000, 0.0000)
            (0.0000,  0.0000, 0.0000, 1.0000)>
MESH
ShortLog
<Matrix 4x4 (1.0000,  0.0000, 0.0000, 0.0000)
            (0.0000,  0.0000, 1.0000, 0.0000)
            (0.0000, -1.0000, 0.0000, 0.0000)
            (0.0000,  0.0000, 0.0000, 1.0000)>
MESH
Steps
<Matrix 4x4 (1.0000,  0.0000, 0.0000, 0.0000)
            (0.0000,  0.0000, 1.0000, 0.0000)
            (0.0000, -1.0000, 0.0000, 0.0000)
            (0.0000,  0.0000, 0.0000, 1.0000)>
MESH
ToolHangers
<Matrix 4x4 (1.0000,  0.0000, 0.0000, 0.0000)
            (0.0000,  0.0000, 1.0000, 0.0000)
            (0.0000, -1.0000, 0.0000, 0.0000)
            (0.0000,  0.0000, 0.0000, 1.0000)>
MESH
Tools
<Matrix 4x4 (1.0000,  0.0000, 0.0000, 0.0000)
            (0.0000,  0.0000, 1.0000, 0.0000)
            (0.0000, -1.0000, 0.0000, 0.0000)
            (0.0000,  0.0000, 0.0000, 1.0000)>
MESH
Window1Level1
<Matrix 4x4 (1.0000,  0.0000, 0.0000, 0.0000)
            (0.0000,  0.0000, 1.0000, 0.0000)
            (0.0000, -1.0000, 0.0000, 0.0000)
            (0.0000,  0.0000, 0.0000, 1.0000)>
MESH
Window1Level2
<Matrix 4x4 (1.0000,  0.0000, 0.0000, 0.0000)
            (0.0000,  0.0000, 1.0000, 0.0000)
            (0.0000, -1.0000, 0.0000, 0.0000)
            (0.0000,  0.0000, 0.0000, 1.0000)>
MESH
Window1Level3
<Matrix 4x4 (1.0000,  0.0000, 0.0000, 0.0000)
            (0.0000,  0.0000, 1.0000, 0.0000)
            (0.0000, -1.0000, 0.0000, 0.0000)
            (0.0000,  0.0000, 0.0000, 1.0000)>
MESH
Window2Level1
<Matrix 4x4 (1.0000,  0.0000, 0.0000, 0.0000)
            (0.0000,  0.0000, 1.0000, 0.0000)
            (0.0000, -1.0000, 0.0000, 0.0000)
            (0.0000,  0.0000, 0.0000, 1.0000)>
MESH
Window2Level2
<Matrix 4x4 (1.0000,  0.0000, 0.0000, 0.0000)
            (0.0000,  0.0000, 1.0000, 0.0000)
            (0.0000, -1.0000, 0.0000, 0.0000)
            (0.0000,  0.0000, 0.0000, 1.0000)>
MESH
Window3Level1
<Matrix 4x4 (1.0000,  0.0000, 0.0000, 0.0000)
            (0.0000,  0.0000, 1.0000, 0.0000)
            (0.0000, -1.0000, 0.0000, 0.0000)
            (0.0000,  0.0000, 0.0000, 1.0000)>
MESH
Window3Level2
<Matrix 4x4 (1.0000,  0.0000, 0.0000, 0.0000)
            (0.0000,  0.0000, 1.0000, 0.0000)
            (0.0000, -1.0000, 0.0000, 0.0000)
            (0.0000,  0.0000, 0.0000, 1.0000)>
MESH
Window4Level2
<Matrix 4x4 (1.0000,  0.0000, 0.0000, 0.0000)
            (0.0000,  0.0000, 1.0000, 0.0000)
            (0.0000, -1.0000, 0.0000, 0.0000)
            (0.0000,  0.0000, 0.0000, 1.0000)>
MESH
Window5Level2
<Matrix 4x4 (1.0000,  0.0000, 0.0000, 0.0000)
            (0.0000,  0.0000, 1.0000, 0.0000)
            (0.0000, -1.0000, 0.0000, 0.0000)
            (0.0000,  0.0000, 0.0000, 1.0000)>
MESH
Window6Level2
<Matrix 4x4 (1.0000,  0.0000, 0.0000, 0.0000)
            (0.0000,  0.0000, 1.0000, 0.0000)
            (0.0000, -1.0000, 0.0000, 0.0000)
            (0.0000,  0.0000, 0.0000, 1.0000)>
MESH
Window7Level2
<Matrix 4x4 (1.0000,  0.0000, 0.0000, 0.0000)
            (0.0000,  0.0000, 1.0000, 0.0000)
            (0.0000, -1.0000, 0.0000, 0.0000)
            (0.0000,  0.0000, 0.0000, 1.0000)>
MESH
Window8Level2
<Matrix 4x4 (1.0000,  0.0000, 0.0000, 0.0000)
            (0.0000,  0.0000, 1.0000, 0.0000)
            (0.0000, -1.0000, 0.0000, 0.0000)
            (0.0000,  0.0000, 0.0000, 1.0000)>
MESH
WindowFrames
<Matrix 4x4 (1.0000,  0.0000, 0.0000, 0.0000)
            (0.0000,  0.0000, 1.0000, 0.0000)
            (0.0000, -1.0000, 0.0000, 0.0000)
            (0.0000,  0.0000, 0.0000, 1.0000)>
MESH
WindowsHandles
<Matrix 4x4 (1.0000,  0.0000, 0.0000, 0.0000)
            (0.0000,  0.0000, 1.0000, 0.0000)
            (0.0000, -1.0000, 0.0000, 0.0000)
            (0.0000,  0.0000, 0.0000, 1.0000)>
MESH
WoodCutters Axe
<Matrix 4x4 (1.0000,  0.0000, 0.0000, 0.0000)
            (0.0000,  0.0000, 1.0000, 0.0000)
            (0.0000, -1.0000, 0.0000, 0.0000)
            (0.0000,  0.0000, 0.0000, 1.0000)>
MESH
WoodenBeams
<Matrix 4x4 (1.0000,  0.0000, 0.0000, 0.0000)
            (0.0000,  0.0000, 1.0000, 0.0000)
            (0.0000, -1.0000, 0.0000, 0.0000)
            (0.0000,  0.0000, 0.0000, 1.0000)>
MESH
WoodenBeams.002
<Matrix 4x4 (1.0000,  0.0000, 0.0000, 0.0000)
            (0.0000,  0.0000, 1.0000, 0.0000)
            (0.0000, -1.0000, 0.0000, 0.0000)
            (0.0000,  0.0000, 0.0000, 1.0000)>
MESH
WoodenBeamsExtraBack
<Matrix 4x4 (1.0000,  0.0000, 0.0000, 0.0000)
            (0.0000,  0.0000, 1.0000, 0.0000)
            (0.0000, -1.0000, 0.0000, 0.0000)
            (0.0000,  0.0000, 0.0000, 1.0000)>
MESH
WoodenBeamsExtraFront
<Matrix 4x4 (1.0000,  0.0000, 0.0000, 0.0000)
            (0.0000,  0.0000, 1.0000, 0.0000)
            (0.0000, -1.0000, 0.0000, 0.0000)
            (0.0000,  0.0000, 0.0000, 1.0000)>
MESH
WorkBench
<Matrix 4x4 (1.0000,  0.0000, 0.0000, 0.0000)
            (0.0000,  0.0000, 1.0000, 0.0000)
            (0.0000, -1.0000, 0.0000, 0.0000)
            (0.0000,  0.0000, 0.0000, 1.0000)>
MESH
Bell
<Matrix 4x4 (1.0000,  0.0000, 0.0000, 0.0000)
            (0.0000,  0.0000, 1.0000, 0.0000)
            (0.0000, -1.0000, 0.0000, 0.0000)
            (0.0000,  0.0000, 0.0000, 1.0000)>
MESH
Clapper
<Matrix 4x4 (1.0000,  0.0000, 0.0000, 0.0000)
            (0.0000,  0.0000, 1.0000, 0.0000)
            (0.0000, -1.0000, 0.0000, 0.0000)
            (0.0000,  0.0000, 0.0000, 1.0000)>
MESH
CopperRoof
<Matrix 4x4 (1.0000,  0.0000, 0.0000, 0.0000)
            (0.0000,  0.0000, 1.0000, 0.0000)
            (0.0000, -1.0000, 0.0000, 0.0000)
            (0.0000,  0.0000, 0.0000, 1.0000)>
MESH
FrontDoor
<Matrix 4x4 (1.0000,  0.0000, 0.0000, 0.0000)
            (0.0000,  0.0000, 1.0000, 0.0000)
            (0.0000, -1.0000, 0.0000, 0.0000)
            (0.0000,  0.0000, 0.0000, 1.0000)>
MESH
Innansorra
<Matrix 4x4 (1.0000,  0.0000, 0.0000, 0.0000)
            (0.0000,  0.0000, 1.0000, 0.0000)
            (0.0000, -1.0000, 0.0000, 0.0000)
            (0.0000,  0.0000, 0.0000, 1.0000)>
MESH
SideDoor
<Matrix 4x4 (1.0000,  0.0000, 0.0000, 0.0000)
            (0.0000,  0.0000, 1.0000, 0.0000)
            (0.0000, -1.0000, 0.0000, 0.0000)
            (0.0000,  0.0000, 0.0000, 1.0000)>
MESH
SideStairs
<Matrix 4x4 (1.0000,  0.0000, 0.0000, 0.0000)
            (0.0000,  0.0000, 1.0000, 0.0000)
            (0.0000, -1.0000, 0.0000, 0.0000)
            (0.0000,  0.0000, 0.0000, 1.0000)>
MESH
StoneBeams
<Matrix 4x4 (1.0000,  0.0000, 0.0000, 0.0000)
            (0.0000,  0.0000, 1.0000, 0.0000)
            (0.0000, -1.0000, 0.0000, 0.0000)
            (0.0000,  0.0000, 0.0000, 1.0000)>
MESH
StoneBrickWalls
<Matrix 4x4 (1.0000,  0.0000, 0.0000, 0.0000)
            (0.0000,  0.0000, 1.0000, 0.0000)
            (0.0000, -1.0000, 0.0000, 0.0000)
            (0.0000,  0.0000, 0.0000, 1.0000)>
MESH
StoneRoof
<Matrix 4x4 (1.0000,  0.0000, 0.0000, 0.0000)
            (0.0000,  0.0000, 1.0000, 0.0000)
            (0.0000, -1.0000, 0.0000, 0.0000)
            (0.0000,  0.0000, 0.0000, 1.0000)>
MESH
SunSymbol
<Matrix 4x4 (1.0000,  0.0000, 0.0000, 0.0000)
            (0.0000,  0.0000, 1.0000, 0.0000)
            (0.0000, -1.0000, 0.0000, 0.0000)
            (0.0000,  0.0000, 0.0000, 1.0000)>
MESH
WindowBars
<Matrix 4x4 (1.0000,  0.0000, 0.0000, 0.0000)
            (0.0000,  0.0000, 1.0000, 0.0000)
            (0.0000, -1.0000, 0.0000, 0.0000)
            (0.0000,  0.0000, 0.0000, 1.0000)>
MESH
Windows
<Matrix 4x4 (1.0000,  0.0000, 0.0000, 0.0000)
            (0.0000,  0.0000, 1.0000, 0.0000)
            (0.0000, -1.0000, 0.0000, 0.0000)
            (0.0000,  0.0000, 0.0000, 1.0000)>
MESH
Crank
<Matrix 4x4 (1.0000,  0.0000, 0.0000, 0.0000)
            (0.0000,  0.0000, 1.0000, 0.0000)
            (0.0000, -1.0000, 0.0000, 0.0000)
            (0.0000,  0.0000, 0.0000, 1.0000)>
MESH
CrankHolder
<Matrix 4x4 (1.0000,  0.0000, 0.0000, 0.0000)
            (0.0000,  0.0000, 1.0000, 0.0000)
            (0.0000, -1.0000, 0.0000, 0.0000)
            (0.0000,  0.0000, 0.0000, 1.0000)>
MESH
Floor
<Matrix 4x4 (1.0000,  0.0000, 0.0000, 0.0000)
            (0.0000,  0.0000, 1.0000, 0.0000)
            (0.0000, -1.0000, 0.0000, 0.0000)
            (0.0000,  0.0000, 0.0000, 1.0000)>
MESH
Foundation
<Matrix 4x4 (1.0000,  0.0000, 0.0000, 0.0000)
            (0.0000,  0.0000, 1.0000, 0.0000)
            (0.0000, -1.0000, 0.0000, 0.0000)
            (0.0000,  0.0000, 0.0000, 1.0000)>
MESH
Log
<Matrix 4x4 (1.0000,  0.0000, 0.0000, 0.0000)
            (0.0000,  0.0000, 1.0000, 0.0000)
            (0.0000, -1.0000, 0.0000, 0.0000)
            (0.0000,  0.0000, 0.0000, 1.0000)>
MESH
Platform
<Matrix 4x4 (1.0000,  0.0000, 0.0000, 0.0000)
            (0.0000,  0.0000, 1.0000, 0.0000)
            (0.0000, -1.0000, 0.0000, 0.0000)
            (0.0000,  0.0000, 0.0000, 1.0000)>
MESH
Rail
<Matrix 4x4 (1.0000,  0.0000, 0.0000, 0.0000)
            (0.0000,  0.0000, 1.0000, 0.0000)
            (0.0000, -1.0000, 0.0000, 0.0000)
            (0.0000,  0.0000, 0.0000, 1.0000)>
MESH
RailPlatform
<Matrix 4x4 (1.0000,  0.0000, 0.0000, 0.0000)
            (0.0000,  0.0000, 1.0000, 0.0000)
            (0.0000, -1.0000, 0.0000, 0.0000)
            (0.0000,  0.0000, 0.0000, 1.0000)>
MESH
RailWagon
<Matrix 4x4 (1.0000,  0.0000, 0.0000, 0.0000)
            (0.0000,  0.0000, 1.0000, 0.0000)
            (0.0000, -1.0000, 0.0000, 0.0000)
            (0.0000,  0.0000, 0.0000, 1.0000)>
MESH
Rod
<Matrix 4x4 (1.0000,  0.0000, 0.0000, 0.0000)
            (0.0000,  0.0000, 1.0000, 0.0000)
            (0.0000, -1.0000, 0.0000, 0.0000)
            (0.0000,  0.0000, 0.0000, 1.0000)>
MESH
Roof.001
<Matrix 4x4 (1.0000,  0.0000, 0.0000, 0.0000)
            (0.0000,  0.0000, 1.0000, 0.0000)
            (0.0000, -1.0000, 0.0000, 0.0000)
            (0.0000,  0.0000, 0.0000, 1.0000)>
MESH
RoofFrame.001
<Matrix 4x4 (1.0000,  0.0000, 0.0000, 0.0000)
            (0.0000,  0.0000, 1.0000, 0.0000)
            (0.0000, -1.0000, 0.0000, 0.0000)
            (0.0000,  0.0000, 0.0000, 1.0000)>
MESH
Saw
<Matrix 4x4 (1.0000,  0.0000, 0.0000, 0.0000)
            (0.0000,  0.0000, 1.0000, 0.0000)
            (0.0000, -1.0000, 0.0000, 0.0000)
            (0.0000,  0.0000, 0.0000, 1.0000)>
MESH
SawSlider
<Matrix 4x4 (1.0000,  0.0000, 0.0000, 0.0000)
            (0.0000,  0.0000, 1.0000, 0.0000)
            (0.0000, -1.0000, 0.0000, 0.0000)
            (0.0000,  0.0000, 0.0000, 1.0000)>
MESH
SawSliderFrame
<Matrix 4x4 (1.0000,  0.0000, 0.0000, 0.0000)
            (0.0000,  0.0000, 1.0000, 0.0000)
            (0.0000, -1.0000, 0.0000, 0.0000)
            (0.0000,  0.0000, 0.0000, 1.0000)>
MESH
Wall
<Matrix 4x4 (1.0000,  0.0000, 0.0000, 0.0000)
            (0.0000,  0.0000, 1.0000, 0.0000)
            (0.0000, -1.0000, 0.0000, 0.0000)
            (0.0000,  0.0000, 0.0000, 1.0000)>
MESH
Wheel
<Matrix 4x4 (1.0000,  0.0000, 0.0000, 0.0000)
            (0.0000,  0.0000, 1.0000, 0.0000)
            (0.0000, -1.0000, 0.0000, 0.0000)
            (0.0000,  0.0000, 0.0000, 1.0000)>
MESH
WoodenFrame
<Matrix 4x4 (1.0000,  0.0000, 0.0000, 0.0000)
            (0.0000,  0.0000, 1.0000, 0.0000)
            (0.0000, -1.0000, 0.0000, 0.0000)
            (0.0000,  0.0000, 0.0000, 1.0000)>
MESH
Landscape
<Matrix 4x4 (1.0000,  0.0000, 0.0000, 0.0000)
            (0.0000,  0.0000, 1.0000, 0.0000)
            (0.0000, -1.0000, 0.0000, 0.0000)
            (0.0000,  0.0000, 0.0000, 1.0000)>
